Year: 1900
Month | Total Precipitation | Avg Max Temp | Avg Min Temp
---------------------------------------------------------
    1 |                3.96 |         58.6 |         41.2
    2 |                6.27 |         60.7 |         43.1
    3 |                5.23 |         68.3 |         46.8
    4 |               13.63 |         76.5 |         59.2
    5 |                4.53 |         84.3 |         66.1
    6 |                7.74 |         88.1 |         80.6
    7 |                9.08 |         89.6 |         74.3
    8 |                5.00 |         90.3 |         74.0
    9 |                3.85 |         88.8 |         74.0
   10 |                2.03 |         79.1 |         64.1
   11 |                1.66 |         70.8 |         52.2
   12 |                8.64 |         61.8 |         43.8
