19000101 0 45 27
19000102 0 40 24
19000103 0 41 28
19000128 0 54 30
19000129 0 42 27
19000131 0 50 30
19000201 0 44 28
19000216 0 62 26
19000217 0 31 24
19000218 0 39 25
19000219 0 55 28
19010105 0 58 0
19010223 0 43 31
19010224 0 46 31
19010307 0 61 30
19011214 0 52 25
19011221 0 44 21
19020114 0 56 29
19020117 0 61 31
19020203 0 46 31
19020211 0 52 31
19021228 0.35 63 29
19030109 2.23 57 28
19030113 0 42 28
19030217 0 41 28
19030218 0 55 28
19031119 0 46 28
19031127 0 48 31
19031128 0 68 31
19031207 0 53 29
19031227 0 54 30
19040103 0 67 30
19040104 0 46 30
19040105 0 51 30
19040125 0 62 30
19040130 0 52 27
19041216 0.04 68 31
19050214 0 35 18
19050215 0 45 26
19050216 0 61 28
19051205 0 49 29
19060109 0.01 51 29
19060123 0 42 31
19060124 0 51 30
19061224 0 46 29
19061225 0 50 30
19080124 0 55 30
19081115 0 52 31
19090201 0 46 27
19090203 0 64 30
19090217 0 55 30
19091221 0 48 30
19091222 0 49 31
19091230 0 47 26
19091231 0 69 28
19100106 1.18 71 31
19100107 0 49 27
19100108 0 56 27
19100218 0 43 27
19101203 0 65 28
19101207 0 50 26
19101208 0 67 29
19110103 0 47 29
19110104 0 36 22
19110105 0 55 26
19110106 0 64 28
19111129 0 43 30
19111130 0 52 28
19111201 0 60 28
19120109 0 61 29
19120110 0 65 28
19120112 0.04 60 28
19120113 0.02 40 23
19120114 0 55 31
19120116 0 53 29
19120122 0 61 31
19120204 0 64 30
19120205 0 39 27
19120206 0 49 27
19120207 0 56 26
19120208 0 64 30
19120211 0 55 28
19120212 0 65 28
19120222 0 53 31
19121129 0 63 29
19121228 0 62 31
19130215 0 61 30
19131210 0 59 31
19131212 0 74 31
19140107 0 62 27
19140108 0 69 31
19140226 0 52 26
19140323 0 64 29
19141215 0 44 28
19141216 0 50 28
19150101 0 62 30
19150102 0 63 30
19150113 0 63 30
19150125 0 46 30
19151203 0 60 31
19151221 0 60 31
19151226 0 54 31
19160114 0 50 31
19160203 0 42 27
19160204 0 55 30
19160215 0 51 31
19161213 0 62 28
19161216 0 63 29
19161219 0 61 30
19161223 0 65 31
19170202 0 45 26
19170203 0 47 24
19170205 0 60 26
19170206 0 57 26
19170305 0 49 30
19170306 0 62 30
19171125 0 63 29
19171209 0 49 22
19171214 0 43 29
19171229 0 54 30
19171230 0 34 18
19171231 0 45 30
19180101 0 47 27
19180103 0 58 28
19180104 0 60 24
19180108 0 62 26
19180111 1.41 60 30
19180112 0 35 17
19180113 0 55 20
19180119 0 65 30
19180122 0 39 29
19180123 0 53 24
19181226 0 44 30
19181229 0 50 30
19190103 0 38 25
19190104 0 35 20
19190105 0 48 25
19190106 0 58 27
19190111 0 61 27
19190112 0 64 28
19191215 0 48 31
19191216 0 57 30
19200103 0 57 30
19200105 0 50 28
19200226 0 56 31
19200301 0 47 27
19200306 0 48 30
19200307 0 48 29
19201117 0 53 28
19201223 0 57 31
19201225 0 60 28
19201229 0 56 26
19210113 0.05 71 21
19210117 0 72 24
19210128 0 65 30
19210413 0 78 12
19211205 0 65 30
19220102 0 61 31
19220114 0 68 31
19220208 0 60 31
19220304 0 58 28
19220305 0 68 30
19230219 0 60 27
19231111 0 71 30
19240206 0 56 30
19240304 0 74 31
19240319 0 65 30
19241226 0 42 31
19270111 0 45 28
19270112 0 63 26
19270115 0 48 28
19271209 0 47 27
19271217 0 55 30
19271220 0 43 29
19280102 0 46 20
19280103 0 33 21
19280104 0 40 24
19280105 0 50 25
19280106 0 59 26
19280228 0 65 31
19281209 0 50 29
19281210 0 58 30
19290103 0 60 29
19290106 0 60 31
19290107 0 59 24
19290108 0 60 30
19290113 0 67 31
19290212 0 47 31
19291130 0 48 30
19291201 0 64 30
19291203 0 43 26
19291204 0 55 28
19291205 0 65 29
19291219 0 43 28
19291220 0 38 22
19291221 0.69 38 31
19291222 0 35 31
19291223 0 40 28
19291230 0 69 31
19300118 0.32 45 28
19300119 0 44 21
19300123 0 38 23
19300124 0 45 22
19300125 0 56 25
19300126 0 67 29
19300130 0 49 29
19300131 0 61 29
19301127 0 62 31
19301218 0.07 61 31
19301223 0 57 29
19301224 0 57 29
19301227 0 53 30
19310115 0 43 28
19310121 0 60 31
19320310 0 46 26
19320313 0 50 30
19321217 0.01 38 26
19321218 0 35 29
19330101 0 48 31
19330102 0 56 30
19330208 0 63 31
19330209 0 40 19
19340109 0 52 31
19340110 0 66 31
19340130 0 48 28
19340220 0 57 31
19340227 0 47 30
19340311 0 65 30
19341208 0 54 31
19341211 0 46 27
19341212 0 55 23
19341213 0 67 30
19350122 0.24 46 22
19350123 0.18 49 25
19350124 0 48 29
19350125 0 49 28
19350227 0 45 30
19350228 0 51 28
19350301 0 64 29
19351221 0.03 44 30
19351223 0 66 29
19351225 0 60 31
19351226 0 52 31
19351227 0 47 26
19351230 0 48 30
19360120 0 44 29
19360121 0 58 29
19360128 0 38 29
19360131 0 43 26
19360201 0 56 27
19360211 0 64 29
19360219 0 51 28
19370301 0 54 31
19371120 0 45 31
19371121 0 46 31
19371206 0 43 30
19371207 0 53 24
19371210 0 44 29
19371211 0 43 30
19380126 0 55 31
19380201 0 58 30
19381128 0 50 30
19381129 0 69 29
19381130 0 67 31
19390223 0 60 28
19400103 0 49 29
19400109 0 52 30
19400116 0 50 30
19400117 0 67 30
19400119 0 50 20
19400120 0 36 21
19400121 0 46 24
19400122 0.15 42 28
19400123 1.28 34 28
19400124 0 38 25
19400125 0 34 25
19400126 0 33 21
19400127 0 41 18
19400128 0 51 23
19400129 0 62 25
19400130 0 62 24
19400131 0 56 27
19400201 0 67 29
19401115 0 47 26
19401116 0 63 26
19410119 0 47 31
19410120 0 63 29
19410209 0 56 29
19410210 0 65 31
19410211 0 70 31
19410216 0 74 31
19420108 0 45 26
19420109 0 47 29
19420110 0 46 29
19420111 0 57 22
19420112 0 65 29
19430120 0 44 26
19430212 0 65 31
19430215 0 62 29
19430303 0 59 28
19430304 0 57 27
19431216 0 41 26
19431217 0 45 26
19451206 0 63 30
19451217 0 57 30
19451219 0 57 30
19451220 0 58 24
19451221 0 61 28
19460118 0 55 31
19460123 0 54 28
19470104 0.31 41 31
19480114 0 69 30
19480115 0 54 28
19480118 0 43 20
19480122 0 62 31
19480124 0 34 20
19480125 0 46 24
19480128 0.22 41 31
19480129 0.27 37 31
19480131 0.03 44 30
19480201 0 49 31
19490130 1.17 38 30
19490131 0 36 30
19500217 0 70 31
19501125 0 52 30
19501207 0 45 27
19510108 0 51 29
19510201 0.8 50 25
19510202 0 32 20
19510203 0 44 20
19510204 0 61 26
19511216 0 46 28
19521215 0 52 28
19521216 0 62 30
19541214 0 61 30
19541216 0 69 30
19541221 0 68 29
19550114 0 66 31
19550120 0 55 31
19550126 0 67 31
19550130 0 64 30
19550211 0 57 31
19550212 0 50 28
19550213 0 57 29
19550327 0 50 30
19551210 0 48 31
19551216 0 48 27
19560114 0 56 29
19560115 0 69 31
19561123 0 65 30
19561128 0 67 30
19561130 0 57 31
19570117 0.07 41 28
19570118 0 47 25
19571201 0 58 30
19571212 0 49 21
19580102 0 50 28
19580103 0 50 31
19580108 0 44 26
19580109 0 48 24
19580204 0 59 30
19580208 0 55 30
19580211 1.23 45 31
19580212 0.08 45 26
19580213 0 47 20
19580214 0.14 53 25
19580216 0 46 30
19580217 0 46 29
19580218 0 48 29
19581215 0 45 28
19581216 0 54 27
19581217 0 63 29
19590105 0 43 30
19590106 0 47 31
19590110 0 49 30
19590111 0 61 26
19590112 0 68 31
19590117 0 44 28
19590118 0 64 28
19590122 0 52 30
19591118 0 51 31
19591129 0 53 29
19591130 0 52 30
19591201 0 65 30
19600119 0 52 31
19600122 0 55 30
19600123 0 51 28
19600213 0.14 45 31
19600214 0 52 29
19600219 0 56 30
19600304 0 54 30
19601202 0 54 30
19601203 0 66 31
19601213 0 47 30
19601217 0 53 26
19601218 0 66 30
19601221 0 65 30
19601222 0 48 26
19601223 0 54 26
19610110 0 61 31
19610120 0 52 31
19610122 0 55 24
19610125 1.92 68 31
19610127 0 40 28
19610128 0.3 38 30
19610129 0.19 40 28
19610130 0 53 29
19610131 0 63 27
19610209 0 60 31
19611226 0 66 30
19611229 0 50 28
19620102 0 58 30
19620109 0.58 58 25
19620110 0.01 26 15
19620111 0 25 13
19620112 0 33 17
19620113 0 49 20
19621211 0.05 65 30
19621212 0 33 22
19621213 0 36 18
19621214 0 58 30
19630113 0 32 28
19630114 0 34 27
19630121 0 49 30
19630123 0 68 23
19630124 0 31 17
19630125 0 48 24
19630128 0 44 31
19630222 0 42 30
19631215 0 42 30
19631219 0 49 30
19631222 0.09 52 30
19631223 0 30 26
19631224 0 43 25
19631225 0 59 30
19640101 0 45 26
19640113 0 37 29
19640114 0 41 26
19640115 0 46 29
19640223 0 53 31
19641201 0 54 29
19650116 0 50 29
19650117 0 41 26
19650118 0 60 30
19650131 0 47 30
19650225 0 49 28
19650226 0 62 31
19660127 0 51 30
19660129 0.1 54 23
19660130 0 33 19
19660131 0 59 28
19660203 0 48 31
19660204 0 53 31
19660205 0 57 30
19661103 0 55 30
19661225 0 48 30
19671229 0 44 31
19680113 0 44 31
19680114 0 42 27
19680115 0 52 30
19680125 0 54 30
19680209 0 55 31
19680301 0 53 30
19690105 0 49 29
19690106 0 63 31
19700106 0.08 53 30
19700107 0 36 24
19700108 0 40 25
19700109 0 40 27
19700110 0.05 49 30
19700203 0 46 30
19700204 0 51 26
19701124 0 41 29
19701125 0 59 31
19710120 0 48 29
19710209 0 48 31
19710210 0 52 30
19720106 0 43 30
19720116 0 45 28
19721217 0 44 31
19730112 0.02 41 30
19730113 0 47 25
19730114 0 60 30
19730130 0 55 31
19730209 1.16 38 30
19730210 0 45 28
19730211 0 51 30
19731221 0 48 31
19731222 0 62 29
19750113 0 41 30
19750114 0 50 28
19751218 0 43 31
19751219 0 41 27
19760105 0 42 31
19760108 0 41 30
19760109 0 46 26
19760110 0 56 31
19761129 0.05 39 30
19761130 0 45 29
19761201 0 56 30
19770110 0 41 26
19770111 0 43 27
19770116 0 49 30
19770117 0 35 25
19770118 0 39 31
19770119 0 34 22
19770120 0 56 29
19770129 0 44 29
19780109 0 44 31
19780110 0 42 31
19780115 0 48 31
19781210 0 46 31
19790102 0 39 29
19790103 0 41 28
19790108 0 42 31
19790109 0 44 26
19790114 0 44 28
19790115 0 50 28
19790210 0 52 30
19791218 0 48 30
19791219 0 60 31
19800102 0 64 30
19800105 0 53 27
19800106 0 65 29
19800201 0 46 29
19800217 0 45 31
19800301 0.17 63 29
19800302 0 44 28
19800303 0 54 31
19810112 0 43 28
19810113 0 55 25
19810212 0 46 29
19811219 0 40 28
19820110 0 47 23
19820111 0 33 16
19820112 1.3 53 26
19820114 0 40 29
19820117 0 44 30
19831224 0 36 19
19831225 0 29 17
19831226 0 42 25
19831229 0.25 39 27
19831230 0 35 22
19831231 0 44 25
19840101 0 56 28
19840119 0 40 30
19840120 0 40 30
19840121 0 44 31
19840206 0 46 31
19850120 0.04 53 16
19850121 0 32 16
19850122 0 47 26
19850202 0 35 29
19850203 0 44 30
19851225 0 48 31
19851226 0 48 27
19860127 0 45 30
19860128 0 59 29
19860212 0 46 30
19870112 0 58 31
19870123 0 52 31
19870127 0 56 30
19880111 0 56 31
19880207 0.01 39 29
19880212 0 50 31
19881218 0 59 31
19890224 0 50 28
19891214 0 61 30
19891216 0 42 28
19891222 0.02 34 16
19891223 0 27 12
19891224 0 34 15
19891225 0 50 23
19891226 0 65 31
19920121 0 61 31
19931231 0 56 31
19940105 0 56 31
19940119 0 44 28
19940202 0 52 31
19951210 0 47 30
19951224 0 40 31
19960104 0 61 30
19960107 0 40 29
19960108 0 43 27
19960109 0 63 28
19960118 0.25 74 30
19960119 0 43 27
19960120 0 54 30
19960202 2.2 46 31
19960203 0 36 25
19960204 0 36 22
19960205 0 46 20
19960309 0 47 29
19961219 0 41 28
19961220 0 49 27
19970117 0 40 28
19990104 0 41 30
19990105 0 47 28
19990110 0 50 31
20001220 0 51 28
20001230 0 42 30
20001231 0 41 28
20010102 0 39 27
20010103 0 39 28
20010104 0 55 26
20020103 0 40 31
20020104 0 49 27
20020108 0 53 31
20020227 0 44 31
20020305 0 58 31
20030123 0 41 30
20030124 0 38 25
20030125 0 51 30
20061208 0 43 29
20080103 0 43 28
20100104 0 45 31
20100105 0 42 29
20100106 0 48 30
20100109 0 36 24
20100110 0 39 25
20100111 0 49 26
20101227 0 44 31
20101228 0 58 30
20110112 0 44 31
20110113 0 41 27
20110114 0 50 31
20140106 0 42 29
20140107 0 36 26
20140108 0 48 28
20140128 0.07 50 30
20140129 0 37 29
20140130 0 52 28
20150108 0 39 26
20150131 0 63 31
20180101 0 37 29
20180102 0 39 25
20180104 0 46 29
20180114 0 49 31
20180116 0.02 50 28
20180117 0 35 21
20180118 0.02 43 26
20180119 0.02 60 30
20191113 0 48 30
20191114 0 50 30
20210216 0.52 41 25
20210217 0 35 25
20210218 0.69 59 31
20221223 0.03 69 27
20221224 0 47 25
20221225 0 35 25
20240116 0.1 66 28
20240117 0 36 24
20240118 0 48 24
20240120 0 64 31
20240121 0 44 29
20240122 0 44 29
